   3   3   3
   8
   0.000000000000000E+00   0.000000000000000E+00   0.000000000000000E+00
   0.000000000000000E+00   0.000000000000000E+00   0.482585771778915E+00
   0.000000000000000E+00   0.325493732165751E+00   0.000000000000000E+00
   0.000000000000000E+00   0.325493732165751E+00   0.482585771778915E+00
   0.333333333333333E+00   0.000000000000000E+00   0.000000000000000E+00
   0.333333333333333E+00   0.000000000000000E+00   0.482585771778915E+00
   0.333333333333333E+00   0.325493732165751E+00   0.000000000000000E+00
   0.333333333333333E+00   0.325493732165751E+00   0.482585771778915E+00
