   3   3   3
   8
   0.000000000000000E+00   0.000000000000000E+00   0.000000000000000E+00
   0.000000000000000E+00   0.000000000000000E+00   0.480316331725037E+00
   0.000000000000000E+00   0.324592280691149E+00   0.000000000000000E+00
   0.000000000000000E+00   0.324592280691149E+00   0.480316331725037E+00
   0.333333333333333E+00   0.000000000000000E+00   0.000000000000000E+00
   0.333333333333333E+00   0.000000000000000E+00   0.480316331725037E+00
   0.333333333333333E+00   0.324592280691149E+00   0.000000000000000E+00
   0.333333333333333E+00   0.324592280691149E+00   0.480316331725037E+00
