   3   3   3
   8
   0.000000000000000E+00   0.000000000000000E+00   0.000000000000000E+00
   0.000000000000000E+00   0.000000000000000E+00   0.471524292004979E+00
   0.000000000000000E+00   0.320710572502079E+00   0.000000000000000E+00
   0.000000000000000E+00   0.320710572502079E+00   0.471524292004979E+00
   0.333333333333333E+00   0.000000000000000E+00   0.000000000000000E+00
   0.333333333333333E+00   0.000000000000000E+00   0.471524292004979E+00
   0.333333333333333E+00   0.320710572502079E+00   0.000000000000000E+00
   0.333333333333333E+00   0.320710572502079E+00   0.471524292004979E+00
