   3   3   3
   8
   0.000000000000000E+00   0.000000000000000E+00   0.000000000000000E+00
   0.000000000000000E+00   0.000000000000000E+00   0.473566410881609E+00
   0.000000000000000E+00   0.321683215402337E+00   0.000000000000000E+00
   0.000000000000000E+00   0.321683215402337E+00   0.473566410881609E+00
   0.333333333333333E+00   0.000000000000000E+00   0.000000000000000E+00
   0.333333333333333E+00   0.000000000000000E+00   0.473566410881609E+00
   0.333333333333333E+00   0.321683215402337E+00   0.000000000000000E+00
   0.333333333333333E+00   0.321683215402337E+00   0.473566410881609E+00
