   3   3   3
   8
   0.000000000000000E+00   0.000000000000000E+00   0.000000000000000E+00
   0.000000000000000E+00   0.000000000000000E+00   0.494168861789459E+00
   0.000000000000000E+00   0.329528306229416E+00   0.000000000000000E+00
   0.000000000000000E+00   0.329528306229416E+00   0.494168861789459E+00
   0.333333333333333E+00   0.000000000000000E+00   0.000000000000000E+00
   0.333333333333333E+00   0.000000000000000E+00   0.494168861789459E+00
   0.333333333333333E+00   0.329528306229416E+00   0.000000000000000E+00
   0.333333333333333E+00   0.329528306229416E+00   0.494168861789459E+00
