   3   3   3
   8
   0.000000000000000E+00   0.000000000000000E+00   0.000000000000000E+00
   0.000000000000000E+00   0.000000000000000E+00   0.485222589700698E+00
   0.000000000000000E+00   0.326476206650755E+00   0.000000000000000E+00
   0.000000000000000E+00   0.326476206650755E+00   0.485222589700698E+00
   0.333333333333333E+00   0.000000000000000E+00   0.000000000000000E+00
   0.333333333333333E+00   0.000000000000000E+00   0.485222589700698E+00
   0.333333333333333E+00   0.326476206650755E+00   0.000000000000000E+00
   0.333333333333333E+00   0.326476206650755E+00   0.485222589700698E+00
