   3   3   3
   8
   0.000000000000000E+00   0.000000000000000E+00   0.000000000000000E+00
   0.000000000000000E+00   0.000000000000000E+00   0.477897176723504E+00
   0.000000000000000E+00   0.323605609559561E+00   0.000000000000000E+00
   0.000000000000000E+00   0.323605609559561E+00   0.477897176723504E+00
   0.333333333333333E+00   0.000000000000000E+00   0.000000000000000E+00
   0.333333333333333E+00   0.000000000000000E+00   0.477897176723504E+00
   0.333333333333333E+00   0.323605609559561E+00   0.000000000000000E+00
   0.333333333333333E+00   0.323605609559561E+00   0.477897176723504E+00
