   3   3   3
   8
   0.000000000000000E+00   0.000000000000000E+00   0.000000000000000E+00
   0.000000000000000E+00   0.000000000000000E+00   0.487985361219940E+00
   0.000000000000000E+00   0.327455185301978E+00   0.000000000000000E+00
   0.000000000000000E+00   0.327455185301978E+00   0.487985361219940E+00
   0.333333333333333E+00   0.000000000000000E+00   0.000000000000000E+00
   0.333333333333333E+00   0.000000000000000E+00   0.487985361219940E+00
   0.333333333333333E+00   0.327455185301978E+00   0.000000000000000E+00
   0.333333333333333E+00   0.327455185301978E+00   0.487985361219940E+00
