   3   3   3
   8
   0.000000000000000E+00   0.000000000000000E+00   0.000000000000000E+00
   0.000000000000000E+00   0.000000000000000E+00   0.490959614491834E+00
   0.000000000000000E+00   0.328470870639864E+00   0.000000000000000E+00
   0.000000000000000E+00   0.328470870639864E+00   0.490959614491834E+00
   0.333333333333333E+00   0.000000000000000E+00   0.000000000000000E+00
   0.333333333333333E+00   0.000000000000000E+00   0.490959614491834E+00
   0.333333333333333E+00   0.328470870639864E+00   0.000000000000000E+00
   0.333333333333333E+00   0.328470870639864E+00   0.490959614491834E+00
