   3   3   3
   8
   0.000000000000000E+00   0.000000000000000E+00   0.000000000000000E+00
   0.000000000000000E+00   0.000000000000000E+00   0.475691217870554E+00
   0.000000000000000E+00   0.322651085097217E+00   0.000000000000000E+00
   0.000000000000000E+00   0.322651085097217E+00   0.475691217870554E+00
   0.333333333333333E+00   0.000000000000000E+00   0.000000000000000E+00
   0.333333333333333E+00   0.000000000000000E+00   0.475691217870554E+00
   0.333333333333333E+00   0.322651085097217E+00   0.000000000000000E+00
   0.333333333333333E+00   0.322651085097217E+00   0.475691217870554E+00
